16
400 400 200 100
BottomRight
500 500
400 400 200 100
BottomRight
300 500
400 400 200 100
BottomRight
200 350
400 400 200 100
BottomRight
500 300
200 400 200 100
BottomLeft
500 500
200 400 200 100
BottomLeft
300 500
200 400 200 100
BottomLeft
200 350
200 400 200 100
BottomLeft
500 300
400 300 200 100
TopRight
500 500
400 300 200 100
TopRight
300 500
400 300 200 100
TopRight
200 350
400 300 200 100
TopRight
500 300
200 300 200 100
TopLeft
500 500
200 300 200 100
TopLeft
300 500
200 300 200 100
TopLeft
200 350
200 300 200 100
TopLeft
500 300
